drift microseconds / second 

m3-7: 118.663046419
m3-6: 118.285458362
m3-5: 119.545285748
m3-4: 117.520858409
m3-3: 119.835819921
m3-2: 117.242509914
m3-1: 119.703942151
m3-9: 118.162817821
m3-8: 117.699930021
m3-13: 118.409759739
m3-12: 117.044292046
m3-11: 117.029139258
m3-10: 114.319617064
m3-15: 121.047363117
m3-14: 118.450098906
Mean: 118.19732926
Std: 5.8801867786
Spread: 4.97488971656%
